0.000000	 0.000000
0.000010	 0.004975
0.000020	 0.009900
0.000030	 0.014777
0.000040	 0.019605
0.000050	 0.024385
0.000060	 0.029117
0.000070	 0.033803
0.000080	 0.038441
0.000090	 0.043034
0.000100	 0.047581
0.000110	 0.052082
0.000120	 0.056539
0.000130	 0.060951
0.000140	 0.065320
0.000150	 0.069645
0.000160	 0.073927
0.000170	 0.078166
0.000180	 0.082364
0.000190	 0.086519
0.000200	 0.090633
0.000210	 0.094706
0.000220	 0.098739
0.000230	 0.102732
0.000240	 0.106684
0.000250	 0.110598
0.000260	 0.114473
0.000270	 0.118309
0.000280	 0.122106
0.000290	 0.125866
0.000300	 0.129589
0.000310	 0.133275
0.000320	 0.136924
0.000330	 0.140536
0.000340	 0.144113
0.000350	 0.147654
0.000360	 0.151160
0.000370	 0.154631
0.000380	 0.158067
0.000390	 0.161469
0.000400	 0.164838
0.000410	 0.168173
0.000420	 0.171474
0.000430	 0.174743
0.000440	 0.177979
0.000450	 0.181184
0.000460	 0.184356
0.000470	 0.187496
0.000480	 0.190606
0.000490	 0.193684
0.000500	 0.196732
0.000510	 0.199750
0.000520	 0.202737
0.000530	 0.205695
0.000540	 0.208623
0.000550	 0.211522
0.000560	 0.214393
0.000570	 0.217235
0.000580	 0.220048
0.000590	 0.222834
0.000600	 0.225591
0.000610	 0.228322
0.000620	 0.231025
0.000630	 0.233701
0.000640	 0.236351
0.000650	 0.238974
0.000660	 0.241571
0.000670	 0.244143
0.000680	 0.246689
0.000690	 0.249209
0.000700	 0.251704
0.000710	 0.254175
0.000720	 0.256621
0.000730	 0.259043
0.000740	 0.261440
0.000750	 0.263814
0.000760	 0.266164
0.000770	 0.268490
0.000780	 0.270794
0.000790	 0.273075
0.000800	 0.275332
0.000810	 0.277568
0.000820	 0.279781
0.000830	 0.281972
0.000840	 0.284142
0.000850	 0.286289
0.000860	 0.288416
0.000870	 0.290521
0.000880	 0.292605
0.000890	 0.294669
0.000900	 0.296712
0.000910	 0.298735
0.000920	 0.300737
0.000930	 0.302720
0.000940	 0.304683
0.000950	 0.306626
0.000960	 0.308550
0.000970	 0.310455
0.000980	 0.312341
0.000990	 0.314209
0.001000	 0.316057
0.001010	 0.317887
0.001020	 0.319699
0.001030	 0.321493
0.001040	 0.323270
0.001050	 0.325028
0.001060	 0.326769
0.001070	 0.328493
0.001080	 0.330199
0.001090	 0.331889
0.001100	 0.333561
0.001110	 0.335217
0.001120	 0.336857
0.001130	 0.338480
0.001140	 0.340087
0.001150	 0.341679
0.001160	 0.343254
0.001170	 0.344813
0.001180	 0.346358
0.001190	 0.347886
0.001200	 0.349400
0.001210	 0.350898
0.001220	 0.352382
0.001230	 0.353851
0.001240	 0.355305
0.001250	 0.356745
0.001260	 0.358170
0.001270	 0.359581
0.001280	 0.360978
0.001290	 0.362362
0.001300	 0.363731
0.001310	 0.365087
0.001320	 0.366429
0.001330	 0.367758
0.001340	 0.369074
0.001350	 0.370377
0.001360	 0.371667
0.001370	 0.372944
0.001380	 0.374208
0.001390	 0.375459
0.001400	 0.376699
0.001410	 0.377925
0.001420	 0.379140
0.001430	 0.380343
0.001440	 0.381533
0.001450	 0.382712
0.001460	 0.383879
0.001470	 0.385034
0.001480	 0.386178
0.001490	 0.387311
0.001500	 0.388432
0.001510	 0.389542
0.001520	 0.390641
0.001530	 0.391729
0.001540	 0.392807
0.001550	 0.393873
0.001560	 0.394929
0.001570	 0.395975
0.001580	 0.397010
0.001590	 0.398034
0.001600	 0.399049
0.001610	 0.400053
0.001620	 0.401048
0.001630	 0.402033
0.001640	 0.403007
0.001650	 0.403972
0.001660	 0.404928
0.001670	 0.405874
0.001680	 0.406810
0.001690	 0.407738
0.001700	 0.408656
0.001710	 0.409565
0.001720	 0.410464
0.001730	 0.411355
0.001740	 0.412237
0.001750	 0.413110
0.001760	 0.413975
0.001770	 0.414831
0.001780	 0.415678
0.001790	 0.416517
0.001800	 0.417348
0.001810	 0.418170
0.001820	 0.418985
0.001830	 0.419791
0.001840	 0.420589
0.001850	 0.421379
0.001860	 0.422161
0.001870	 0.422936
0.001880	 0.423703
0.001890	 0.424462
0.001900	 0.425213
0.001910	 0.425957
0.001920	 0.426694
0.001930	 0.427424
0.001940	 0.428146
0.001950	 0.428861
0.001960	 0.429568
0.001970	 0.430269
0.001980	 0.430963
0.001990	 0.431650
0.002000	 0.432330
0.002010	 0.433003
0.002020	 0.433670
0.002030	 0.434330
0.002040	 0.434983
0.002050	 0.435630
0.002060	 0.436271
0.002070	 0.436905
0.002080	 0.437533
0.002090	 0.438154
0.002100	 0.438770
0.002110	 0.439379
0.002120	 0.439982
0.002130	 0.440579
0.002140	 0.441170
0.002150	 0.441756
0.002160	 0.442335
0.002170	 0.442909
0.002180	 0.443477
0.002190	 0.444040
0.002200	 0.444596
0.002210	 0.445148
0.002220	 0.445693
0.002230	 0.446234
0.002240	 0.446769
0.002250	 0.447298
0.002260	 0.447823
0.002270	 0.448342
0.002280	 0.448856
0.002290	 0.449365
0.002300	 0.449869
0.002310	 0.450367
0.002320	 0.450861
0.002330	 0.451350
0.002340	 0.451834
0.002350	 0.452314
0.002360	 0.452788
0.002370	 0.453258
0.002380	 0.453723
0.002390	 0.454183
0.002400	 0.454639
0.002410	 0.455091
0.002420	 0.455537
0.002430	 0.455980
0.002440	 0.456418
0.002450	 0.456851
0.002460	 0.457281
0.002470	 0.457706
0.002480	 0.458127
0.002490	 0.458543
0.002500	 0.458956
0.002510	 0.459364
0.002520	 0.459768
0.002530	 0.460169
0.002540	 0.460565
0.002550	 0.460957
0.002560	 0.461346
0.002570	 0.461731
0.002580	 0.462111
0.002590	 0.462488
0.002600	 0.462862
0.002610	 0.463231
0.002620	 0.463597
0.002630	 0.463959
0.002640	 0.464318
0.002650	 0.464673
0.002660	 0.465024
0.002670	 0.465372
0.002680	 0.465717
0.002690	 0.466058
0.002700	 0.466396
0.002710	 0.466730
0.002720	 0.467061
0.002730	 0.467389
0.002740	 0.467713
0.002750	 0.468035
0.002760	 0.468353
0.002770	 0.468668
0.002780	 0.468979
0.002790	 0.469288
0.002800	 0.469594
0.002810	 0.469896
0.002820	 0.470196
0.002830	 0.470492
0.002840	 0.470786
0.002850	 0.471076
0.002860	 0.471364
0.002870	 0.471649
0.002880	 0.471931
0.002890	 0.472211
0.002900	 0.472487
0.002910	 0.472761
0.002920	 0.473032
0.002930	 0.473300
0.002940	 0.473566
0.002950	 0.473829
0.002960	 0.474089
0.002970	 0.474347
0.002980	 0.474602
0.002990	 0.474855
0.003000	 0.475105
0.003010	 0.475353
0.003020	 0.475598
0.003030	 0.475841
0.003040	 0.476081
0.003050	 0.476319
0.003060	 0.476555
0.003070	 0.476788
0.003080	 0.477019
0.003090	 0.477248
0.003100	 0.477474
0.003110	 0.477698
0.003120	 0.477920
0.003130	 0.478140
0.003140	 0.478357
0.003150	 0.478573
0.003160	 0.478786
0.003170	 0.478997
0.003180	 0.479206
0.003190	 0.479413
0.003200	 0.479618
0.003210	 0.479821
0.003220	 0.480021
0.003230	 0.480220
0.003240	 0.480417
0.003250	 0.480612
0.003260	 0.480805
0.003270	 0.480996
0.003280	 0.481185
0.003290	 0.481372
0.003300	 0.481557
0.003310	 0.481741
0.003320	 0.481923
0.003330	 0.482102
0.003340	 0.482281
0.003350	 0.482457
0.003360	 0.482631
0.003370	 0.482804
0.003380	 0.482975
0.003390	 0.483145
0.003400	 0.483312
0.003410	 0.483478
0.003420	 0.483643
0.003430	 0.483806
0.003440	 0.483967
0.003450	 0.484126
0.003460	 0.484284
0.003470	 0.484441
0.003480	 0.484595
0.003490	 0.484749
0.003500	 0.484900
0.003510	 0.485051
0.003520	 0.485199
0.003530	 0.485347
0.003540	 0.485492
0.003550	 0.485637
0.003560	 0.485780
0.003570	 0.485921
0.003580	 0.486061
0.003590	 0.486200
0.003600	 0.486337
0.003610	 0.486473
0.003620	 0.486608
0.003630	 0.486741
0.003640	 0.486873
0.003650	 0.487004
0.003660	 0.487133
0.003670	 0.487261
0.003680	 0.487388
0.003690	 0.487513
0.003700	 0.487637
0.003710	 0.487760
0.003720	 0.487882
0.003730	 0.488003
0.003740	 0.488122
0.003750	 0.488240
0.003760	 0.488357
0.003770	 0.488473
0.003780	 0.488588
0.003790	 0.488701
0.003800	 0.488814
0.003810	 0.488925
0.003820	 0.489035
0.003830	 0.489144
0.003840	 0.489253
0.003850	 0.489359
0.003860	 0.489465
0.003870	 0.489570
0.003880	 0.489674
0.003890	 0.489777
0.003900	 0.489878
0.003910	 0.489979
0.003920	 0.490079
0.003930	 0.490178
0.003940	 0.490275
0.003950	 0.490372
0.003960	 0.490468
0.003970	 0.490563
0.003980	 0.490657
0.003990	 0.490750
0.004000	 0.490842
0.004010	 0.490933
0.004020	 0.491023
0.004030	 0.491112
0.004040	 0.491201
0.004050	 0.491288
0.004060	 0.491375
0.004070	 0.491461
0.004080	 0.491546
0.004090	 0.491630
0.004100	 0.491713
0.004110	 0.491796
0.004120	 0.491877
0.004130	 0.491958
0.004140	 0.492038
0.004150	 0.492117
0.004160	 0.492196
0.004170	 0.492273
0.004180	 0.492350
0.004190	 0.492426
0.004200	 0.492502
0.004210	 0.492576
0.004220	 0.492650
0.004230	 0.492723
0.004240	 0.492796
0.004250	 0.492867
0.004260	 0.492938
0.004270	 0.493009
0.004280	 0.493078
0.004290	 0.493147
0.004300	 0.493215
0.004310	 0.493283
0.004320	 0.493350
0.004330	 0.493416
0.004340	 0.493481
0.004350	 0.493546
0.004360	 0.493610
0.004370	 0.493674
0.004380	 0.493737
0.004390	 0.493799
0.004400	 0.493861
0.004410	 0.493922
0.004420	 0.493982
0.004430	 0.494042
0.004440	 0.494102
0.004450	 0.494160
0.004460	 0.494218
0.004470	 0.494276
0.004480	 0.494333
0.004490	 0.494389
0.004500	 0.494445
0.004510	 0.494500
0.004520	 0.494555
0.004530	 0.494609
0.004540	 0.494663
0.004550	 0.494716
0.004560	 0.494769
0.004570	 0.494821
0.004580	 0.494872
0.004590	 0.494923
0.004600	 0.494974
0.004610	 0.495024
0.004620	 0.495073
0.004630	 0.495122
0.004640	 0.495171
0.004650	 0.495219
0.004660	 0.495266
0.004670	 0.495313
0.004680	 0.495360
0.004690	 0.495406
0.004700	 0.495452
0.004710	 0.495497
0.004720	 0.495542
0.004730	 0.495586
0.004740	 0.495630
0.004750	 0.495674
0.004760	 0.495717
0.004770	 0.495759
0.004780	 0.495802
0.004790	 0.495843
0.004800	 0.495885
0.004810	 0.495926
0.004820	 0.495966
0.004830	 0.496006
0.004840	 0.496046
0.004850	 0.496085
0.004860	 0.496124
0.004870	 0.496163
0.004880	 0.496201
0.004890	 0.496239
0.004900	 0.496276
0.004910	 0.496313
0.004920	 0.496350
0.004930	 0.496386
0.004940	 0.496422
0.004950	 0.496458
0.004960	 0.496493
0.004970	 0.496528
0.004980	 0.496563
0.004990	 0.496597
